[0.0,
 0.0, 
 0.09333467579540879, 
 0.00010068465565847765, 
 0.05346355215465163, 
 0.009716069271043093, 
 0.01671365283930729, 
 5.0342327829238826e-05, 
 0.0002013693113169553, 
 0.0002013693113169553, 
 0.0004530809504631494, 
 0.019029399919452277, 
 0.07405356423681031, 
 0.004077728554168345, 
 0.0, 
 0.0013089005235602095, 
 0.00010068465565847765, 
 0.018677003624647602, 
 0.019130084575110753, 
 0.0047321788159484495, 
 5.0342327829238826e-05, 
 0.032319774466371326, 
 0.03624647603705195, 
 0.09836890857833266]